3.000000 20.000000 
3.000000 20.000000 
3.500000 24.092676 
3.500000 15.907324 
4.000000 25.744563 
4.000000 14.255437 
4.500000 26.982120 
4.500000 13.017880 
5.000000 28.000000 
5.000000 12.000000 
5.500000 28.874120 
5.500000 11.125880 
6.000000 29.643651 
6.000000 10.356349 
6.500000 30.331989 
6.500000 9.668011 
7.000000 30.954451 
7.000000 9.045549 
7.500000 31.521719 
7.500000 8.478281 
8.000000 32.041595 
8.000000 7.958405 
8.500000 32.519984 
8.500000 7.480016 
9.000000 32.961481 
9.000000 7.038519 
9.500000 33.369742 
9.500000 6.630258 
10.000000 33.747727 
10.000000 6.252273 
10.500000 34.097872 
10.500000 5.902128 
11.000000 34.422205 
11.000000 5.577795 
11.500000 34.722432 
11.500000 5.277568 
12.000000 35.000000 
12.000000 5.000000 
12.500000 35.256146 
12.500000 4.743854 
13.000000 35.491933 
13.000000 4.508067 
13.500000 35.708278 
13.500000 4.291722 
14.000000 35.905974 
14.000000 4.094026 
14.500000 36.085708 
14.500000 3.914292 
15.000000 36.248077 
15.000000 3.751923 
15.500000 36.393596 
15.500000 3.606404 
16.000000 36.522712 
16.000000 3.477288 
16.500000 36.635805 
16.500000 3.364195 
17.000000 36.733201 
17.000000 3.266799 
17.500000 36.815172 
17.500000 3.184828 
18.000000 36.881943 
18.000000 3.118057 
18.500000 36.933694 
18.500000 3.066306 
19.000000 36.970563 
19.000000 3.029437 
19.500000 36.992645 
19.500000 3.007355 
20.000000 37.000000 
20.000000 3.000000 
20.500000 36.992645 
20.500000 3.007355 
21.000000 36.970563 
21.000000 3.029437 
21.500000 36.933694 
21.500000 3.066306 
22.000000 36.881943 
22.000000 3.118057 
22.500000 36.815172 
22.500000 3.184828 
23.000000 36.733201 
23.000000 3.266799 
23.500000 36.635805 
23.500000 3.364195 
24.000000 36.522712 
24.000000 3.477288 
24.500000 36.393596 
24.500000 3.606404 
25.000000 36.248077 
25.000000 3.751923 
25.500000 36.085708 
25.500000 3.914292 
26.000000 35.905974 
26.000000 4.094026 
26.500000 35.708278 
26.500000 4.291722 
27.000000 35.491933 
27.000000 4.508067 
27.500000 35.256146 
27.500000 4.743854 
28.000000 35.000000 
28.000000 5.000000 
28.500000 34.722432 
28.500000 5.277568 
29.000000 34.422205 
29.000000 5.577795 
29.500000 34.097872 
29.500000 5.902128 
30.000000 33.747727 
30.000000 6.252273 
30.500000 33.369742 
30.500000 6.630258 
31.000000 32.961481 
31.000000 7.038519 
31.500000 32.519984 
31.500000 7.480016 
32.000000 32.041595 
32.000000 7.958405 
32.500000 31.521719 
32.500000 8.478281 
33.000000 30.954451 
33.000000 9.045549 
33.500000 30.331989 
33.500000 9.668011 
34.000000 29.643651 
34.000000 10.356349 
34.500000 28.874120 
34.500000 11.125880 
35.000000 28.000000 
35.000000 12.000000 
35.500000 26.982120 
35.500000 13.017880 
36.000000 25.744563 
36.000000 14.255437 
36.500000 24.092676 
36.500000 15.907324 
37.000000 20.000000 
37.000000 20.000000 
