18 9
19 9
20 9
21 9
40 9
41 9
42 9
43 9
17 10
39 10
44 10
16 11
38 11
45 11
15 12
37 12
46 12
15 13
37 13
46 13
15 14
37 14
46 14
15 15
37 15
46 15
15 16
38 16
45 16
15 17
39 17
44 17
15 18
40 18
41 18
42 18
43 18
15 19
40 19
41 19
42 19
43 19
15 20
39 20
44 20
15 21
38 21
45 21
15 22
37 22
46 22
15 23
20 23
21 23
22 23
23 23
24 23
37 23
46 23
15 24
24 24
37 24
46 24
15 25
24 25
37 25
46 25
15 26
24 26
38 26
45 26
16 27
24 27
39 27
44 27
17 28
24 28
40 28
41 28
42 28
43 28
18 29
19 29
20 29
21 29
22 29
23 29
24 29